0.001044 0.000000
0.002199 0.000000
0.006046 0.000000
0.006091 -0.000000
0.007196 0.000000
0.008935 0.000000
0.009005 0.000000
0.010452 0.000000
0.011980 -0.000000
0.014053 -0.000000
0.019823 0.000000
0.021884 0.000000
0.021998 -0.000000
0.027051 -0.000000
0.027541 -0.000000
0.031199 0.000000
0.032570 -0.000000
0.033079 0.000000
0.034972 0.000000
0.035191 0.000000
0.037762 -0.000000
0.039928 -0.000000
0.047127 0.000000
0.047712 -0.000000
0.048770 0.000000
0.050417 -0.000000
0.055898 0.000000
0.056835 -0.000000
0.060923 -0.000000
0.062955 0.000000
0.064548 -0.000000
0.064818 -0.000000
