0.000195 0.000000
0.001531 0.000000
0.003686 -0.000000
0.003775 0.000000
0.004828 -0.000000
0.005468 -0.000000
0.008776 -0.000000
0.008994 -0.000000
0.015895 -0.000000
0.016164 0.000000
0.016684 -0.000000
0.018773 -0.000000
0.025633 -0.000000
0.026157 -0.000000
0.027354 -0.000000
0.035120 0.000000
0.035456 -0.000000
0.035965 0.000000
0.038399 0.000000
0.040850 0.000000
0.043847 -0.000000
0.044697 -0.000000
0.046827 -0.000000
0.047563 -0.000000
0.049378 -0.000000
0.050087 0.000000
0.050103 -0.000000
0.057755 -0.000000
0.058384 0.000000
0.059377 -0.000000
0.060229 0.000000
0.062048 0.000000
