
epo=	0		loss= 	 3.722418073800593		P_q= [0.39227073 0.50172471 0.50073464 0.51157713 0.48951662]
epo=	250		loss= 	 2.5325024620786114		P_q= [0.34379344 0.347468   0.35516751 0.38229214 0.43182522]
epo=	500		loss= 	 2.4929648371190805		P_q= [0.34169235 0.34105403 0.34820753 0.37520936 0.43809636]
epo=	750		loss= 	 2.478026956311607		P_q= [0.33942972 0.34097673 0.34509185 0.37307521 0.4385585 ]
epo=	1000		loss= 	 2.472015045031719		P_q= [0.33871527 0.34054523 0.34387236 0.37267276 0.4382912 ]
epo=	1250		loss= 	 2.468366327578273		P_q= [0.33812977 0.33983626 0.34359021 0.37254011 0.43831139]
epo=	1500		loss= 	 2.466181471536743		P_q= [0.3370673  0.33967217 0.34425804 0.37232542 0.43787074]
epo=	1750		loss= 	 2.464844679850766		P_q= [0.33605855 0.33954622 0.34491208 0.37235402 0.43767021]
epo=	2000		loss= 	 2.4638455538470105		P_q= [0.33513863 0.33938979 0.34550058 0.37247512 0.4376414 ]
epo=	2250		loss= 	 2.4629989645729644		P_q= [0.33447564 0.33927578 0.34582243 0.37257213 0.43768549]
epo=	2500		loss= 	 2.462223831300332		P_q= [0.33391584 0.33905222 0.34619224 0.37269409 0.4376662 ]
epo=	2750		loss= 	 2.4615726694020683		P_q= [0.33327965 0.33880176 0.34675165 0.37281173 0.43761368]
epo=	3000		loss= 	 2.461055127745625		P_q= [0.33274434 0.33858585 0.34724285 0.37289502 0.43759316]
epo=	3250		loss= 	 2.4606643872118554		P_q= [0.33235833 0.33833191 0.34765625 0.37297121 0.43762271]
epo=	3500		loss= 	 2.4604031210587625		P_q= [0.33214463 0.33805249 0.34795432 0.37307084 0.43765229]
epo=	3750		loss= 	 2.4601845498654007		P_q= [0.33205407 0.33782887 0.34810533 0.37316141 0.43764991]
epo=	4000		loss= 	 2.4600267766622794		P_q= [0.3320232  0.33765512 0.34818042 0.37324331 0.43763975]
epo=	4250		loss= 	 2.459905495260731		P_q= [0.3319942  0.33752218 0.34825942 0.37328627 0.43763315]
epo=	4500		loss= 	 2.4598111580473825		P_q= [0.3319509  0.33741381 0.34836993 0.37329563 0.43762528]
epo=	4750		loss= 	 2.459746907515045		P_q= [0.33188905 0.33731854 0.34849913 0.37330928 0.43761375]
epo=	4999		loss= 	 2.45973018014424		P_q= [0.33181437 0.33723634 0.34863041 0.37335051 0.43759703]