
epo=	0		loss= 	 3.7078290364200646		P_q= [0.38280269 0.50062647 0.51173982 0.50431991 0.48687314]
epo=	250		loss= 	 2.5883379072443655		P_q= [0.34878305 0.36222882 0.35836496 0.38394958 0.43315287]
epo=	500		loss= 	 2.5414846568775133		P_q= [0.34413966 0.35295604 0.35366601 0.37774673 0.43885695]
epo=	750		loss= 	 2.522212208137189		P_q= [0.34050031 0.34778    0.35525855 0.37482689 0.44122406]
epo=	1000		loss= 	 2.5100770506013372		P_q= [0.33856129 0.34489288 0.35476823 0.37338822 0.44339228]
epo=	1250		loss= 	 2.5034627706061494		P_q= [0.33819093 0.34407456 0.35321325 0.37238833 0.44440116]
epo=	1500		loss= 	 2.4962787070540666		P_q= [0.33664856 0.34447291 0.35160141 0.3708862  0.44575187]
epo=	1750		loss= 	 2.492246187916915		P_q= [0.33670374 0.34423507 0.35016167 0.37061012 0.44558401]
epo=	2000		loss= 	 2.490540008518047		P_q= [0.33761599 0.34379564 0.34936717 0.3703368  0.44492759]
epo=	2250		loss= 	 2.4889962772937926		P_q= [0.33877322 0.3429029  0.34844458 0.37022964 0.44484798]
epo=	2500		loss= 	 2.487981559576393		P_q= [0.33941461 0.34241863 0.34793012 0.37017931 0.44460528]
epo=	2750		loss= 	 2.4868981863339736		P_q= [0.34054189 0.34151959 0.34762896 0.36970595 0.44440139]
epo=	3000		loss= 	 2.48572947785409		P_q= [0.34107317 0.34049352 0.34787694 0.36931911 0.44444308]
epo=	3250		loss= 	 2.484804149823651		P_q= [0.34072341 0.34033057 0.348385   0.36897911 0.4442077 ]
epo=	3500		loss= 	 2.4839180676192405		P_q= [0.34030142 0.34063493 0.34866481 0.36877078 0.44339248]
epo=	3750		loss= 	 2.4828806746917444		P_q= [0.33997793 0.34109188 0.34837208 0.36899403 0.44229883]
epo=	4000		loss= 	 2.481626812686034		P_q= [0.34000346 0.34097135 0.3478867  0.36966407 0.44108629]
epo=	4250		loss= 	 2.4805416390665593		P_q= [0.34007618 0.34112624 0.34742855 0.369711   0.44035942]
epo=	4500		loss= 	 2.4800140265070354		P_q= [0.33985517 0.34117401 0.3474833  0.36972309 0.44009094]
epo=	4750		loss= 	 2.479650526526627		P_q= [0.34057176 0.34046741 0.34743258 0.36960719 0.43996586]
epo=	4999		loss= 	 2.4792607230407504		P_q= [0.3407071  0.34004837 0.34775448 0.36938285 0.43991443]