
epo=	0		loss= 	 3.779939726322836		P_q= [0.41492061 0.50177298 0.4940977  0.50810724 0.51108059]
epo=	250		loss= 	 2.7510586080453994		P_q= [0.3706947  0.37660861 0.38165446 0.39161275 0.4462728 ]
epo=	500		loss= 	 2.679912184635101		P_q= [0.35826343 0.36711261 0.38308139 0.38485065 0.4364002 ]
epo=	750		loss= 	 2.6536479254798806		P_q= [0.35595111 0.36432472 0.38285223 0.38253081 0.42669042]
epo=	1000		loss= 	 2.6348922971163145		P_q= [0.35842144 0.3618718  0.37933438 0.37737165 0.42458841]
epo=	1250		loss= 	 2.624745628492338		P_q= [0.3577329  0.35836454 0.37740503 0.37977856 0.42411302]
epo=	1500		loss= 	 2.620087334426312		P_q= [0.35807896 0.35675565 0.37617314 0.37985948 0.42484934]
epo=	1750		loss= 	 2.615496919221317		P_q= [0.35921084 0.35493291 0.37368573 0.38016937 0.42657299]
epo=	2000		loss= 	 2.611253617784343		P_q= [0.35839869 0.35456734 0.37124803 0.38128232 0.42839169]
epo=	2250		loss= 	 2.608544730950721		P_q= [0.35730057 0.35473088 0.36990804 0.38205351 0.42943492]
epo=	2500		loss= 	 2.6052514393616946		P_q= [0.35553766 0.35434602 0.36958983 0.38301297 0.43015662]
epo=	2750		loss= 	 2.6027253673258612		P_q= [0.35456716 0.35330318 0.36933697 0.38471456 0.42980062]
epo=	3000		loss= 	 2.6011786123684435		P_q= [0.35314955 0.3529042  0.36927202 0.38681672 0.42888538]
epo=	3250		loss= 	 2.5997391246224066		P_q= [0.35141016 0.35345686 0.36979306 0.38696666 0.4288637 ]
epo=	3500		loss= 	 2.5953836237330066		P_q= [0.35305271 0.35407709 0.36722663 0.38339432 0.43110972]
epo=	3750		loss= 	 2.591855657592535		P_q= [0.3563999  0.35288483 0.36402301 0.38094262 0.4335831 ]
epo=	4000		loss= 	 2.58712528773514		P_q= [0.3593931  0.35102041 0.36087028 0.38076308 0.43296406]
epo=	4250		loss= 	 2.585234648867421		P_q= [0.36055669 0.35079109 0.35982078 0.37935465 0.43351325]
epo=	4500		loss= 	 2.5838570084429517		P_q= [0.35854312 0.35238128 0.35952698 0.37901439 0.43456367]
epo=	4750		loss= 	 2.5834586722061603		P_q= [0.35769302 0.35248603 0.35954221 0.37922872 0.43553259]
epo=	4999		loss= 	 2.583363805783208		P_q= [0.35761301 0.35239161 0.35946457 0.37920899 0.4360378 ]