
epo=	0		loss= 	 3.975444986538558		P_q= [0.49718511 0.48403111 0.49513786 0.50956049 0.49917211]
epo=	250		loss= 	 2.8412440402336188		P_q= [0.36691475 0.38943743 0.40035595 0.40788385 0.44330433]
epo=	500		loss= 	 2.750328246091434		P_q= [0.36352443 0.3727401  0.38777115 0.40216492 0.43969006]
epo=	750		loss= 	 2.7007542002372467		P_q= [0.36484639 0.3634565  0.37459675 0.39586257 0.44897122]
epo=	1000		loss= 	 2.68022864078323		P_q= [0.36557949 0.35742392 0.371892   0.3999496  0.439053  ]
epo=	1250		loss= 	 2.673935933985521		P_q= [0.36449964 0.35513885 0.37219509 0.40200061 0.43621278]
epo=	1500		loss= 	 2.6698394371193714		P_q= [0.36451673 0.35274011 0.37295228 0.40182949 0.43617075]
epo=	1750		loss= 	 2.6643438219138944		P_q= [0.36415102 0.3502858  0.37596611 0.39898351 0.43565819]
epo=	2000		loss= 	 2.659259216134793		P_q= [0.36174916 0.35083504 0.37797036 0.39739827 0.43358237]
epo=	2250		loss= 	 2.6561809952987967		P_q= [0.35981404 0.35176227 0.3789805  0.39707399 0.43140895]
epo=	2500		loss= 	 2.652656368902496		P_q= [0.36006512 0.35298073 0.37691092 0.3971029  0.42901169]
epo=	2750		loss= 	 2.6466834536545023		P_q= [0.36203885 0.35325404 0.37256948 0.39624072 0.4286824 ]
epo=	3000		loss= 	 2.643766774594575		P_q= [0.36300581 0.3535865  0.36962874 0.39545683 0.43044071]
epo=	3250		loss= 	 2.6431579976285438		P_q= [0.36351648 0.35390703 0.3680332  0.39559462 0.43105818]
epo=	3500		loss= 	 2.6397259207447545		P_q= [0.36359007 0.35522064 0.36447136 0.39487598 0.4333655 ]
epo=	3750		loss= 	 2.6352660548198528		P_q= [0.36195461 0.35463395 0.36464597 0.39330759 0.43659019]
epo=	4000		loss= 	 2.6350181721758332		P_q= [0.36143778 0.35514679 0.36505992 0.39295412 0.43616564]
epo=	4250		loss= 	 2.6348457304767927		P_q= [0.36098193 0.3557797  0.36555742 0.39242536 0.43552889]
epo=	4500		loss= 	 2.634711603147922		P_q= [0.36068835 0.35622604 0.36603023 0.39196129 0.43490014]
epo=	4750		loss= 	 2.634620159378826		P_q= [0.36053025 0.35652713 0.36646304 0.39155185 0.43430682]
epo=	4999		loss= 	 2.6345556021237004		P_q= [0.36041845 0.3567747  0.36685107 0.3911926  0.43375646]