
epo=	0		loss= 	 3.7875773012214817		P_q= [0.47184675 0.49181458 0.46151969 0.49481594 0.4914361 ]
epo=	250		loss= 	 2.524083952124977		P_q= [0.34690494 0.34317539 0.35225212 0.3772047  0.44082227]
epo=	500		loss= 	 2.4846174356375683		P_q= [0.34166253 0.33912379 0.34648997 0.37307667 0.44129399]
epo=	750		loss= 	 2.4735861332306968		P_q= [0.34126133 0.33628314 0.3444116  0.37326853 0.44126144]
epo=	1000		loss= 	 2.469190647336948		P_q= [0.34122812 0.33542492 0.34360529 0.37320252 0.44055872]
epo=	1250		loss= 	 2.466539643580087		P_q= [0.34016192 0.33615407 0.34369728 0.37242966 0.43989761]
epo=	1500		loss= 	 2.4645800962878703		P_q= [0.33854916 0.3370942  0.34407005 0.37204176 0.43944082]
epo=	1750		loss= 	 2.4634575044083102		P_q= [0.33753431 0.33751223 0.34441533 0.37202762 0.43900221]
epo=	2000		loss= 	 2.4626781584061828		P_q= [0.33682291 0.33766173 0.34477534 0.37209574 0.43863195]
epo=	2250		loss= 	 2.4620681775335833		P_q= [0.33623274 0.3376662  0.34514461 0.37220732 0.4383775 ]
epo=	2500		loss= 	 2.4616299328865794		P_q= [0.33577494 0.33760421 0.34549053 0.37231169 0.43820233]
epo=	2750		loss= 	 2.461250532185128		P_q= [0.3353848  0.33748957 0.34582254 0.37242445 0.43806201]
epo=	3000		loss= 	 2.460936277304309		P_q= [0.33506663 0.33732582 0.3461187  0.37256477 0.43795759]
epo=	3250		loss= 	 2.460662865277787		P_q= [0.33479801 0.33719732 0.34633769 0.37270246 0.43786947]
epo=	3500		loss= 	 2.460412790821829		P_q= [0.33449613 0.33711951 0.34657108 0.37281212 0.43778713]
epo=	3750		loss= 	 2.4602001212497386		P_q= [0.33420121 0.3369721  0.34691241 0.37288177 0.43772486]
epo=	4000		loss= 	 2.4600202081753104		P_q= [0.33396973 0.33670047 0.34732643 0.37294989 0.43767609]
epo=	4250		loss= 	 2.459861425399167		P_q= [0.33377606 0.33635629 0.34776259 0.37304409 0.43762932]
epo=	4500		loss= 	 2.459703162211596		P_q= [0.33358027 0.33600447 0.34819731 0.37314929 0.4375864 ]
epo=	4750		loss= 	 2.459571626109558		P_q= [0.33340985 0.33567101 0.3485904  0.37325859 0.43755139]
epo=	4999		loss= 	 2.459476491765835		P_q= [0.33328919 0.33538999 0.3488989  0.37335693 0.4375219 ]