
epo=	0		loss= 	 4.062930105850526		P_q= [0.50450707 0.49915596 0.49841345 0.507816   0.50692042]
epo=	250		loss= 	 3.4885713996016343		P_q= [0.45453089 0.45174334 0.45213401 0.45218005 0.47617074]
epo=	500		loss= 	 3.4029553956306047		P_q= [0.44699062 0.44191743 0.43823478 0.4518354  0.47700334]
epo=	750		loss= 	 3.3613864646542297		P_q= [0.4421634  0.43860634 0.43514642 0.44871588 0.47281927]
epo=	1000		loss= 	 3.3481067057564426		P_q= [0.44009084 0.44013432 0.43239704 0.44870992 0.46817844]
epo=	1250		loss= 	 3.315952419560272		P_q= [0.43554308 0.44385794 0.42585426 0.45015457 0.45207728]
epo=	1500		loss= 	 3.2978616641697887		P_q= [0.43072721 0.44640009 0.41995227 0.45208795 0.45126726]
epo=	1750		loss= 	 3.293517044656773		P_q= [0.42981765 0.44670661 0.41834808 0.45182292 0.45299203]
epo=	2000		loss= 	 3.2750660352017285		P_q= [0.4284858  0.44539297 0.41821286 0.44052064 0.46384185]
epo=	2250		loss= 	 3.265934828092171		P_q= [0.428739   0.44341684 0.41970877 0.43548588 0.46548366]
epo=	2500		loss= 	 3.2652693888507756		P_q= [0.42939876 0.44237523 0.41939141 0.43648063 0.46473595]
epo=	2750		loss= 	 3.2650868265621433		P_q= [0.42975907 0.44167389 0.41935095 0.43721673 0.46419968]
epo=	3000		loss= 	 3.264992502848585		P_q= [0.43002848 0.44106348 0.41940749 0.4378581  0.46370283]
epo=	3250		loss= 	 3.2648942596821473		P_q= [0.43031448 0.44036117 0.41953985 0.43857228 0.46309136]
epo=	3500		loss= 	 3.2646448358805005		P_q= [0.43076436 0.43920834 0.41987205 0.4396354  0.46197819]
epo=	3750		loss= 	 3.262815288479116		P_q= [0.43201223 0.4363625  0.42122817 0.44066118 0.45929461]
epo=	4000		loss= 	 3.2604455324409614		P_q= [0.43431346 0.43429426 0.42214306 0.43812229 0.45850431]
epo=	4250		loss= 	 3.260271969592025		P_q= [0.4346465  0.4342137  0.42222436 0.43762335 0.45831605]
epo=	4500		loss= 	 3.2602528196991405		P_q= [0.4346555  0.43416798 0.42227027 0.43757945 0.45836974]
epo=	4750		loss= 	 3.260250866682559		P_q= [0.43463708 0.43414158 0.42229364 0.43758736 0.45842447]
epo=	4999		loss= 	 3.260248853071876		P_q= [0.43462596 0.43412962 0.42230355 0.43759424 0.45845168]