
epo=	0		loss= 	 4.045204737933342		P_q= [0.49737582 0.50561448 0.49960214 0.49914319 0.50770028]
epo=	250		loss= 	 2.672186340377591		P_q= [0.3661739  0.35867979 0.3741048  0.39629291 0.42848527]
epo=	500		loss= 	 2.5967159418870964		P_q= [0.35236385 0.35414638 0.3617651  0.3888467  0.43584825]
epo=	750		loss= 	 2.5632155248746447		P_q= [0.3509127  0.34560589 0.35747732 0.38422602 0.44206594]
epo=	1000		loss= 	 2.551928642923291		P_q= [0.34843825 0.34109464 0.35847721 0.38347025 0.44567076]
epo=	1250		loss= 	 2.5430018707978514		P_q= [0.3452803  0.34124262 0.36108697 0.38051279 0.44337985]
epo=	1500		loss= 	 2.536806637940253		P_q= [0.34426206 0.34035624 0.36119956 0.37965386 0.44272057]
epo=	1750		loss= 	 2.531785735592328		P_q= [0.34297965 0.34068993 0.35922328 0.38009182 0.44328408]
epo=	2000		loss= 	 2.5277626722497004		P_q= [0.34138537 0.34143874 0.35740066 0.38082102 0.44377814]
epo=	2250		loss= 	 2.524250898539986		P_q= [0.34099108 0.34009661 0.35674326 0.38108862 0.44500041]
epo=	2500		loss= 	 2.519961954362405		P_q= [0.34118128 0.33906666 0.35647754 0.38010296 0.44482174]
epo=	2750		loss= 	 2.51785690523285		P_q= [0.34151587 0.33935587 0.35640885 0.37896399 0.44347773]
epo=	3000		loss= 	 2.516222946156056		P_q= [0.34169031 0.34003944 0.35619398 0.37814803 0.44184114]
epo=	3250		loss= 	 2.5147302977672057		P_q= [0.34133012 0.34066867 0.35620856 0.37700544 0.44176205]
epo=	3500		loss= 	 2.512918738459771		P_q= [0.34115888 0.34146336 0.35568398 0.37538223 0.44253894]
epo=	3750		loss= 	 2.5108710151327567		P_q= [0.34233087 0.34210284 0.35539657 0.37218692 0.44262247]
epo=	4000		loss= 	 2.509594726198152		P_q= [0.34334192 0.34224849 0.3552563  0.37004679 0.44275443]
epo=	4250		loss= 	 2.5076496385578757		P_q= [0.3428873  0.3423809  0.35613678 0.36881463 0.44185214]
epo=	4500		loss= 	 2.505720477938881		P_q= [0.34148489 0.34324122 0.35691405 0.3676415  0.44161574]
epo=	4750		loss= 	 2.5049381006819886		P_q= [0.34079739 0.3434457  0.35719682 0.36747601 0.44162969]
epo=	4999		loss= 	 2.5041876258070204		P_q= [0.3405131  0.34314192 0.35746533 0.36743611 0.44169515]