
epo=	0		loss= 	 3.882993159717176		P_q= [0.46257569 0.49570526 0.49974628 0.49535056 0.5018549 ]
epo=	250		loss= 	 3.0529215062117645		P_q= [0.40774102 0.40678358 0.39150845 0.43826964 0.47013315]
epo=	500		loss= 	 2.9343934425980915		P_q= [0.39987535 0.39113539 0.39470403 0.42016037 0.43883774]
epo=	750		loss= 	 2.9080185035386923		P_q= [0.39551575 0.38751924 0.39679857 0.41477171 0.43808197]
epo=	1000		loss= 	 2.8781370876185277		P_q= [0.38261538 0.38483174 0.39346077 0.41736452 0.45088971]
epo=	1250		loss= 	 2.8619498051027903		P_q= [0.37766563 0.383099   0.39328548 0.41634698 0.45364828]
epo=	1500		loss= 	 2.8506956805633785		P_q= [0.37792539 0.38271021 0.395213   0.41018286 0.44960206]
epo=	1750		loss= 	 2.8437600275128916		P_q= [0.37777586 0.38264996 0.39901254 0.40342812 0.44682247]
epo=	2000		loss= 	 2.8402604504455984		P_q= [0.3776455  0.3816646  0.40005749 0.40049742 0.44894552]
epo=	2250		loss= 	 2.8377113896763313		P_q= [0.37746829 0.38035178 0.40023472 0.39943788 0.45151772]
epo=	2500		loss= 	 2.8287226229847007		P_q= [0.37696559 0.37994989 0.39575373 0.39994383 0.4540211 ]
epo=	2750		loss= 	 2.8236869937197646		P_q= [0.37535377 0.38083536 0.39490914 0.3989465  0.45456261]
epo=	3000		loss= 	 2.8228656020246277		P_q= [0.37529396 0.38150794 0.39492977 0.39709395 0.45554299]
epo=	3250		loss= 	 2.822640526732496		P_q= [0.3753976  0.3817905  0.3948696  0.39618323 0.45614494]
epo=	3500		loss= 	 2.8225714972063978		P_q= [0.37542667 0.38178546 0.39490523 0.39582608 0.45657546]
epo=	3750		loss= 	 2.8225235940347053		P_q= [0.37538287 0.38160941 0.39497858 0.39572245 0.45708299]
epo=	4000		loss= 	 2.8224456556691027		P_q= [0.37526657 0.38124599 0.39506216 0.39576321 0.45791213]
epo=	4250		loss= 	 2.822256289149403		P_q= [0.37519538 0.38048324 0.39515067 0.39590977 0.45928131]
epo=	4500		loss= 	 2.8187040845109386		P_q= [0.37671655 0.37731413 0.39100066 0.40230517 0.45740488]
epo=	4750		loss= 	 2.8182487981850586		P_q= [0.37636369 0.37731324 0.39076882 0.40291613 0.45724765]
epo=	4999		loss= 	 2.8180653592364373		P_q= [0.3763339  0.37717568 0.39073933 0.40315172 0.45710862]