
epo=	0		loss= 	 3.9607259851764596		P_q= [0.48120822 0.49512991 0.50749392 0.50022908 0.4891298 ]
epo=	250		loss= 	 2.621136641334247		P_q= [0.35379935 0.36780288 0.36681242 0.37625626 0.43698267]
epo=	500		loss= 	 2.5627395829374504		P_q= [0.3440626  0.35885217 0.36186139 0.37088797 0.44167741]
epo=	750		loss= 	 2.5350495495585776		P_q= [0.34354771 0.35237726 0.35778476 0.36887489 0.44195611]
epo=	1000		loss= 	 2.5217328153743535		P_q= [0.34292288 0.34693    0.35706648 0.36997552 0.44183759]
epo=	1250		loss= 	 2.5112082141916927		P_q= [0.34047844 0.34226046 0.35714701 0.37304026 0.44164576]
epo=	1500		loss= 	 2.5063232413898686		P_q= [0.33847691 0.34089414 0.35749474 0.37418525 0.44152524]
epo=	1750		loss= 	 2.5027775619253356		P_q= [0.33817557 0.34080627 0.35717336 0.37321952 0.44120869]
epo=	2000		loss= 	 2.499458040175818		P_q= [0.33831569 0.34147388 0.35555677 0.37235606 0.441005  ]
epo=	2250		loss= 	 2.497603189434401		P_q= [0.33785667 0.3419001  0.35466714 0.3721313  0.44149322]
epo=	2500		loss= 	 2.4965366179781645		P_q= [0.33781087 0.34177513 0.35403604 0.37229199 0.44183911]
epo=	2750		loss= 	 2.49550406939402		P_q= [0.33795012 0.34139705 0.35345904 0.37256036 0.44205752]
epo=	3000		loss= 	 2.4945570524046663		P_q= [0.33784504 0.34121387 0.3530314  0.37274177 0.44232025]
epo=	3250		loss= 	 2.4931324116985163		P_q= [0.33745688 0.34106744 0.35244815 0.37304693 0.44276404]
epo=	3500		loss= 	 2.491757166288287		P_q= [0.33727539 0.34128494 0.35188165 0.3728857  0.44277573]
epo=	3750		loss= 	 2.4910950410698236		P_q= [0.33717895 0.341725   0.35171211 0.37244929 0.44247777]
epo=	4000		loss= 	 2.490673114724601		P_q= [0.33720478 0.34206587 0.35168778 0.37190564 0.44224896]
epo=	4250		loss= 	 2.4901441298708886		P_q= [0.33770847 0.34227947 0.35142719 0.37114545 0.44199062]
epo=	4500		loss= 	 2.4891092077374504		P_q= [0.33901412 0.34187879 0.35059868 0.37049585 0.44175755]
epo=	4750		loss= 	 2.488649745571809		P_q= [0.33955225 0.34168237 0.35036329 0.37029159 0.44136282]
epo=	4999		loss= 	 2.4882909131315643		P_q= [0.33960945 0.34187384 0.35046608 0.36966464 0.44133353]