
epo=	0		loss= 	 3.9270986880786367		P_q= [0.50559193 0.46775276 0.50258418 0.4869205  0.49537052]
epo=	250		loss= 	 2.546070174957556		P_q= [0.34866045 0.33991217 0.35799761 0.38718891 0.4363093 ]
epo=	500		loss= 	 2.5054821970059726		P_q= [0.3472361  0.33602854 0.35090853 0.37798245 0.4384755 ]
epo=	750		loss= 	 2.490703290496237		P_q= [0.34696689 0.33664944 0.34957362 0.36993803 0.43979302]
epo=	1000		loss= 	 2.4836477083718416		P_q= [0.34516546 0.33719803 0.34907589 0.36852564 0.43915484]
epo=	1250		loss= 	 2.4792493667582614		P_q= [0.34256922 0.33783804 0.34881847 0.36898314 0.43901   ]
epo=	1500		loss= 	 2.4760221325103524		P_q= [0.34018724 0.33845272 0.34832347 0.36961257 0.43975455]
epo=	1750		loss= 	 2.4737819958127356		P_q= [0.3385576  0.33864157 0.34823902 0.36994435 0.44036202]
epo=	2000		loss= 	 2.472086380764046		P_q= [0.33739662 0.33877097 0.34835014 0.37002485 0.4406143 ]
epo=	2250		loss= 	 2.470593058424533		P_q= [0.336555   0.33873152 0.34813584 0.37049806 0.44070336]
epo=	2500		loss= 	 2.4694024955759666		P_q= [0.3360552  0.3384797  0.34789594 0.3710062  0.44078358]
epo=	2750		loss= 	 2.468322831630476		P_q= [0.33553451 0.33835276 0.34777271 0.37127604 0.44092207]
epo=	3000		loss= 	 2.467522827594422		P_q= [0.33504494 0.33833155 0.34783902 0.37144026 0.44083323]
epo=	3250		loss= 	 2.4670420276487857		P_q= [0.33459982 0.33842258 0.34814175 0.37139545 0.44059681]
epo=	3500		loss= 	 2.466701355738681		P_q= [0.33431237 0.3385133  0.34835526 0.37134993 0.44033537]
epo=	3750		loss= 	 2.4663478660215303		P_q= [0.33412248 0.33850895 0.34846765 0.37141412 0.44006851]
epo=	4000		loss= 	 2.465874436497172		P_q= [0.33413572 0.33837547 0.34844278 0.37144213 0.4398586 ]
epo=	4250		loss= 	 2.465415383763945		P_q= [0.33430622 0.33829189 0.34823061 0.37140157 0.43971155]
epo=	4500		loss= 	 2.465190836575965		P_q= [0.33445516 0.33829404 0.34807039 0.37134264 0.43958497]
epo=	4750		loss= 	 2.465042354442255		P_q= [0.33453332 0.33835077 0.34790431 0.37131604 0.43952819]
epo=	4999		loss= 	 2.4648830875272925		P_q= [0.33452316 0.33840237 0.34761568 0.37148381 0.43958093]