
epo=	0		loss= 	 4.170970725300538		P_q= [0.5393241  0.49642576 0.49690762 0.49943365 0.51234502]
epo=	250		loss= 	 2.5785220260341197		P_q= [0.34860555 0.34585333 0.36537388 0.38535261 0.44346667]
epo=	500		loss= 	 2.5260323050768534		P_q= [0.33769475 0.34562576 0.36145419 0.37623514 0.44063824]
epo=	750		loss= 	 2.5082809986813412		P_q= [0.3354498  0.3442212  0.35889397 0.37458628 0.43928547]
epo=	1000		loss= 	 2.496491102119547		P_q= [0.33614868 0.34167199 0.35644168 0.37148845 0.44210578]
epo=	1250		loss= 	 2.4893846329156624		P_q= [0.33687693 0.34120975 0.35527076 0.36786194 0.44314584]
epo=	1500		loss= 	 2.4854765417951015		P_q= [0.33680646 0.34190609 0.35376302 0.36722369 0.44212098]
epo=	1750		loss= 	 2.4822214826195883		P_q= [0.33689567 0.34191507 0.35215213 0.36764288 0.44127003]
epo=	2000		loss= 	 2.480136472648058		P_q= [0.33715512 0.34112493 0.3515496  0.36797299 0.44101535]
epo=	2250		loss= 	 2.478855109883133		P_q= [0.33731456 0.33984569 0.35202731 0.36824724 0.44070775]
epo=	2500		loss= 	 2.4776242091314513		P_q= [0.33734191 0.33872213 0.35264103 0.36833879 0.44043155]
epo=	2750		loss= 	 2.476528609916355		P_q= [0.33750053 0.33838227 0.35234931 0.36835824 0.44029338]
epo=	3000		loss= 	 2.4753868547955564		P_q= [0.33770063 0.33878778 0.35100186 0.36845557 0.44044777]
epo=	3250		loss= 	 2.47427317794853		P_q= [0.33757258 0.33880985 0.34958202 0.36929904 0.44104383]
epo=	3500		loss= 	 2.4733750113573794		P_q= [0.33771613 0.33819683 0.34859817 0.37020785 0.44160811]
epo=	3750		loss= 	 2.4725793310893285		P_q= [0.33784081 0.33774208 0.34767716 0.37112073 0.44182921]
epo=	4000		loss= 	 2.4719332738394657		P_q= [0.33762626 0.33746896 0.34716863 0.37200715 0.44175692]
epo=	4250		loss= 	 2.4712864706043485		P_q= [0.33734088 0.33746421 0.34662445 0.37265011 0.44175474]
epo=	4500		loss= 	 2.47083083390536		P_q= [0.33707276 0.33775222 0.34615998 0.37289254 0.44180294]
epo=	4750		loss= 	 2.470467119761565		P_q= [0.33681974 0.33798221 0.34599928 0.37291928 0.44178731]
epo=	4999		loss= 	 2.4701717825929252		P_q= [0.33675099 0.3380307  0.34604021 0.37277203 0.44171306]