
epo=	0		loss= 	 4.161429568476459		P_q= [0.50653002 0.49851108 0.51165945 0.53853557 0.50056005]
epo=	250		loss= 	 2.927260230769416		P_q= [0.38630537 0.4029258  0.39685849 0.41152088 0.44842446]
epo=	500		loss= 	 2.853742427386611		P_q= [0.38051386 0.38823939 0.38985008 0.41121294 0.44280049]
epo=	750		loss= 	 2.8113015140538575		P_q= [0.37368864 0.38165854 0.38549478 0.40793011 0.44914116]
epo=	1000		loss= 	 2.790495775169401		P_q= [0.37350883 0.37648258 0.38747263 0.40211431 0.44737298]
epo=	1250		loss= 	 2.767588113719451		P_q= [0.37360573 0.37652938 0.3833483  0.39418637 0.4474962 ]
epo=	1500		loss= 	 2.7528957467332553		P_q= [0.36742186 0.37907401 0.38053405 0.39570857 0.44532319]
epo=	1750		loss= 	 2.7426729483353087		P_q= [0.36437804 0.380093   0.37946629 0.39498987 0.44363632]
epo=	2000		loss= 	 2.7369090979740855		P_q= [0.3649838  0.37700254 0.37803071 0.39739383 0.44267352]
epo=	2250		loss= 	 2.732127130441824		P_q= [0.36580975 0.37521124 0.37668856 0.39865253 0.44084428]
epo=	2500		loss= 	 2.7272663770436485		P_q= [0.36620868 0.37582865 0.37501309 0.39726287 0.43968581]
epo=	2750		loss= 	 2.72175502752805		P_q= [0.36750864 0.37526684 0.37173636 0.39708344 0.43977788]
epo=	3000		loss= 	 2.7165037299526866		P_q= [0.3677271  0.37473425 0.36940145 0.39768372 0.4392146 ]
epo=	3250		loss= 	 2.7144572862997567		P_q= [0.36836337 0.37400635 0.36856363 0.39809413 0.43841271]
epo=	3500		loss= 	 2.7133787915212886		P_q= [0.36846738 0.373216   0.36837323 0.3987634  0.43816326]
epo=	3750		loss= 	 2.7126009499179937		P_q= [0.36830306 0.37286976 0.36825502 0.39904435 0.43835502]
epo=	4000		loss= 	 2.712125240362289		P_q= [0.36816548 0.37280251 0.36817052 0.39908602 0.43847985]
epo=	4250		loss= 	 2.7118175536818194		P_q= [0.36798598 0.37272953 0.36814926 0.39921503 0.43859554]
epo=	4500		loss= 	 2.7116423122051416		P_q= [0.3678262  0.37265333 0.3681415  0.39938428 0.43870174]
epo=	4750		loss= 	 2.7115438373064475		P_q= [0.36772189 0.37259177 0.3681112  0.3995427  0.43878267]
epo=	4999		loss= 	 2.7114848825863604		P_q= [0.3676712  0.37254155 0.36805266 0.39968112 0.43884227]