
epo=	0		loss= 	 4.071367316892138		P_q= [0.50293977 0.50748188 0.49842509 0.50028261 0.50881709]
epo=	250		loss= 	 2.715724889630925		P_q= [0.36186571 0.36881518 0.37636988 0.400836   0.44582071]
epo=	500		loss= 	 2.640291824549134		P_q= [0.35445713 0.3577764  0.36883415 0.39464972 0.44087152]
epo=	750		loss= 	 2.6056638559181025		P_q= [0.3501084  0.3548983  0.36659828 0.38931449 0.43722233]
epo=	1000		loss= 	 2.590053069277739		P_q= [0.34767018 0.35333384 0.36750612 0.38599475 0.43472755]
epo=	1250		loss= 	 2.5800653827426436		P_q= [0.34652927 0.35426548 0.36424495 0.38517066 0.43366986]
epo=	1500		loss= 	 2.574535974234028		P_q= [0.34530139 0.35656373 0.3625834  0.38251434 0.43395725]
epo=	1750		loss= 	 2.570748273201489		P_q= [0.34631139 0.3561722  0.36186118 0.38033675 0.43411852]
epo=	2000		loss= 	 2.567014115077676		P_q= [0.34579673 0.35477814 0.36220235 0.37917584 0.43604674]
epo=	2250		loss= 	 2.563345446492381		P_q= [0.34712177 0.35257888 0.36057945 0.37925686 0.4376006 ]
epo=	2500		loss= 	 2.558029970265969		P_q= [0.34810367 0.34970573 0.36093785 0.37915707 0.43589783]
epo=	2750		loss= 	 2.5527660458895354		P_q= [0.34902974 0.34845872 0.35884122 0.37907533 0.43584925]
epo=	3000		loss= 	 2.54685826853723		P_q= [0.34903451 0.34866585 0.35613167 0.37995877 0.43360002]
epo=	3250		loss= 	 2.540987548931901		P_q= [0.34790264 0.34743056 0.35441668 0.38116701 0.43454487]
epo=	3500		loss= 	 2.5382988205532135		P_q= [0.3485988  0.34463899 0.35485698 0.38111466 0.43561555]
epo=	3750		loss= 	 2.536409412039377		P_q= [0.34908601 0.34257275 0.35556207 0.38070785 0.43639953]
epo=	4000		loss= 	 2.535860898912433		P_q= [0.34931034 0.34190226 0.35578849 0.38029787 0.43705413]
epo=	4250		loss= 	 2.535701311825172		P_q= [0.34935245 0.34165514 0.35596847 0.38003773 0.43742089]
epo=	4500		loss= 	 2.535634679481983		P_q= [0.34939332 0.34151264 0.35608551 0.37986187 0.43763688]
epo=	4750		loss= 	 2.535604638053835		P_q= [0.34943252 0.34140434 0.35614474 0.37975888 0.43781094]
epo=	4999		loss= 	 2.5355873525306007		P_q= [0.34946249 0.34133131 0.3561594  0.37969811 0.43796071]