
epo=	0		loss= 	 4.187223440569888		P_q= [0.54218659 0.49506585 0.50680501 0.49470543 0.50358631]
epo=	250		loss= 	 3.214622222961401		P_q= [0.42398396 0.43095497 0.41655251 0.44311592 0.45562168]
epo=	500		loss= 	 3.0866594981950426		P_q= [0.40487771 0.41205819 0.40764532 0.44127957 0.45552317]
epo=	750		loss= 	 3.0541082016676735		P_q= [0.40122656 0.40657563 0.40572755 0.43876564 0.45616964]
epo=	1000		loss= 	 3.0456355819591727		P_q= [0.40033714 0.40425702 0.40571195 0.43877967 0.45604127]
epo=	1250		loss= 	 3.0350267448081163		P_q= [0.39678893 0.40523455 0.40731494 0.4344124  0.45681751]
epo=	1500		loss= 	 3.01420832498686		P_q= [0.39417566 0.40544553 0.40581864 0.42624115 0.46098845]
epo=	1750		loss= 	 3.005919310053638		P_q= [0.39370979 0.40311069 0.40518079 0.42401057 0.46550084]
epo=	2000		loss= 	 3.0024004697184563		P_q= [0.39256845 0.40197192 0.40585833 0.42388669 0.46653757]
epo=	2250		loss= 	 3.001571382914894		P_q= [0.39249916 0.4014968  0.40606429 0.42400876 0.46639873]
epo=	2500		loss= 	 3.0012916952738267		P_q= [0.39272474 0.40123716 0.4061204  0.42401218 0.46605552]
epo=	2750		loss= 	 3.001130120624282		P_q= [0.39294122 0.40107419 0.40622539 0.42388365 0.46573867]
epo=	3000		loss= 	 3.0010248310459082		P_q= [0.39310109 0.40096692 0.40635799 0.42371019 0.46550306]
epo=	3250		loss= 	 3.0009510042519163		P_q= [0.39320432 0.40089726 0.40649866 0.42352941 0.46534582]
epo=	3500		loss= 	 3.000888422775445		P_q= [0.39327086 0.40084722 0.406642   0.42335119 0.4652347 ]
epo=	3750		loss= 	 3.000839141448263		P_q= [0.3933203  0.40079584 0.40678609 0.42319444 0.4651434 ]
epo=	4000		loss= 	 3.0008070466063015		P_q= [0.39335872 0.40072342 0.40692718 0.42308884 0.46506389]
epo=	4250		loss= 	 3.000787342234955		P_q= [0.39337947 0.40061511 0.40706471 0.42305942 0.46500159]
epo=	4500		loss= 	 3.0007746319111415		P_q= [0.39337114 0.40045734 0.407209   0.42312072 0.46496457]
epo=	4750		loss= 	 3.000757236415701		P_q= [0.39331731 0.40022444 0.40738686 0.42329103 0.46495331]
epo=	4999		loss= 	 3.000723663409492		P_q= [0.39318672 0.399863   0.40765596 0.42361946 0.46494864]