
epo=	0		loss= 	 4.030405458460771		P_q= [0.50075908 0.49773661 0.50667826 0.49836906 0.488566  ]
epo=	250		loss= 	 2.5383733726682784		P_q= [0.34097594 0.34516477 0.35773816 0.3866857  0.43603443]
epo=	500		loss= 	 2.4992248743589633		P_q= [0.33973879 0.33916739 0.35278639 0.37841401 0.43778792]
epo=	750		loss= 	 2.484425247199122		P_q= [0.33970649 0.33870995 0.3493486  0.37384125 0.43919272]
epo=	1000		loss= 	 2.4769483716261735		P_q= [0.33840359 0.33836199 0.34802973 0.37270316 0.44010542]
epo=	1250		loss= 	 2.4730129056337846		P_q= [0.3377177  0.33885001 0.34695549 0.37185664 0.44033015]
epo=	1500		loss= 	 2.4704526727458633		P_q= [0.33686535 0.33957515 0.34651936 0.37113065 0.44025477]
epo=	1750		loss= 	 2.4685994427706115		P_q= [0.33578974 0.34010469 0.34635689 0.37098654 0.44022671]
epo=	2000		loss= 	 2.4671369450439777		P_q= [0.33494496 0.34026726 0.34641703 0.37104999 0.44005235]
epo=	2250		loss= 	 2.4659537563986813		P_q= [0.33463342 0.34026797 0.34626694 0.37119124 0.43962079]
epo=	2500		loss= 	 2.465024642865238		P_q= [0.33456216 0.34031125 0.34591611 0.37136169 0.43917783]
epo=	2750		loss= 	 2.4642334365442733		P_q= [0.33447997 0.34024791 0.34575687 0.37147978 0.43882799]
epo=	3000		loss= 	 2.4635457909186105		P_q= [0.33446247 0.3401195  0.34551448 0.37170115 0.43857064]
epo=	3250		loss= 	 2.4629558384098185		P_q= [0.3345871  0.33985648 0.3452257  0.37196726 0.4384064 ]
epo=	3500		loss= 	 2.4625439795035913		P_q= [0.3346443  0.3396285  0.34508265 0.37216978 0.43830497]
epo=	3750		loss= 	 2.4622950278164444		P_q= [0.33447721 0.33956207 0.34513134 0.37232433 0.43820216]
epo=	4000		loss= 	 2.4620812495837194		P_q= [0.33420695 0.33948793 0.34536021 0.37243042 0.43809516]
epo=	4250		loss= 	 2.4618658191895597		P_q= [0.33399199 0.33926685 0.34569036 0.37252161 0.43800218]
epo=	4500		loss= 	 2.4615887661650206		P_q= [0.33389319 0.3388655  0.34602433 0.37263263 0.43793977]
epo=	4750		loss= 	 2.4613407528376596		P_q= [0.33387804 0.33835437 0.34636547 0.37276928 0.43789926]
epo=	4999		loss= 	 2.4611974704649593		P_q= [0.33387617 0.33793499 0.34664902 0.37289228 0.43787492]